camera_params:
  fx: 785.7769775390625
  fy: 781.4794311523438
  cx: 640.0
  cy: 360.0
  image_width: 1280
  image_height: 720
