[{"id": 0, "img_name": "frame_000000", "width": 1280, "height": 720, "position": [1.8262861051952637, 0.38103682169726416, 2.7807377162273137], "rotation": [[0.922386155547581, 0.24901979161003934, -0.2952844788346423], [-0.21340891723440164, 0.9657208090646829, 0.1477834665458034], [0.3219633738470792, -0.07329708265645254, 0.9439105485029072]], "fy": 741.9139565895302, "fx": 764.3989674339377}, {"id": 1, "img_name": "frame_000008", "width": 1280, "height": 720, "position": [3.9052880193449493, -1.222476495854048, 0.6411872163142609], "rotation": [[0.9821824953503797, 0.029791986797785636, -0.18555318199896687], [-0.03060411332891294, 0.9995304386036422, -0.0015134570234128393], [0.18542096449606826, 0.007165181606297972, 0.9826330577066379]], "fy": 741.9139565895302, "fx": 764.3989674339377}, {"id": 2, "img_name": "frame_000016", "width": 1280, "height": 720, "position": [-1.9185284297793008, 5.941587377723018, -0.896874926531661], "rotation": [[0.8417519059374123, 0.382332055042967, -0.3811507950107873], [-0.3404610348657271, 0.9238611652687319, 0.1748337239964274], [0.4189749546081385, -0.017399626286860998, 0.9078310638087826]], "fy": 741.9139565895302, "fx": 764.3989674339377}, {"id": 3, "img_name": "frame_000024", "width": 1280, "height": 720, "position": [1.3230918191299155, -3.0404117229432166, 0.5173734807524772], "rotation": [[0.9999732177397878, 0.006528121634296855, 0.0033086902337665816], [-0.007252776969066184, 0.9444684268532543, 0.3285221269619084], [-0.0009803210556649964, -0.3285373255891439, 0.9444904788643244]], "fy": 741.9139565895302, "fx": 764.3989674339377}, {"id": 4, "img_name": "frame_000001", "width": 1280, "height": 720, "position": [1.7796440508500884, 0.3164370292663631, 2.743332002381815], "rotation": [[0.9394996754361219, 0.25184212803941924, -0.23219798104203765], [-0.22421043947129682, 0.9645769668207163, 0.13899983421225637], [0.25897883830056395, -0.07852908775430648, 0.9626853814663267]], "fy": 741.9139565895302, "fx": 764.3989674339377}, {"id": 5, "img_name": "frame_000002", "width": 1280, "height": 720, "position": [1.913971875860871, 0.27301145451661724, 2.780305391252983], "rotation": [[0.9739685689298582, 0.22516365750443534, -0.026202176931495534], [-0.2218766582595579, 0.9706038548496709, 0.09326792305251731], [0.04643248061750972, -0.08502637408583452, 0.9952962073943215]], "fy": 741.9139565895302, "fx": 764.3989674339377}, {"id": 6, "img_name": "frame_000003", "width": 1280, "height": 720, "position": [2.151527161882007, 0.0893260367378688, 2.434221539055482], "rotation": [[0.9714789212355271, 0.1622463605896522, 0.17293011325523688], [-0.15186031553179918, 0.9857924360572816, -0.07177546641320127], [-0.18211850581870828, 0.043467131118383524, 0.9823153558561009]], "fy": 741.9139565895302, "fx": 764.3989674339377}, {"id": 7, "img_name": "frame_000004", "width": 1280, "height": 720, "position": [2.274839323313965, -0.4032446238603913, 2.030270325520242], "rotation": [[0.9348434253645, 0.1679414838241652, 0.3128313092765909], [-0.1268871465340186, 0.9809025445053444, -0.14741048208114352], [-0.3316133623622892, 0.09811144782276078, 0.9382999103212675]], "fy": 741.9139565895302, "fx": 764.3989674339377}, {"id": 8, "img_name": "frame_000005", "width": 1280, "height": 720, "position": [3.4053405819478124, -1.0159458538877049, 1.6111895930903384], "rotation": [[0.9436107296248923, 0.135071486400358, 0.3022490438336846], [-0.11273230357020056, 0.989517578322072, -0.09025735384653297], [-0.3112719368470836, 0.05109457655387724, 0.9489463238657101]], "fy": 741.9139565895302, "fx": 764.3989674339377}, {"id": 9, "img_name": "frame_000006", "width": 1280, "height": 720, "position": [4.246074394695418, -1.3554813461492048, 1.3746725134741993], "rotation": [[0.9672262045032399, 0.05796093050985568, 0.24721245894308824], [-0.046681012904828935, 0.997594111557638, -0.05125301571328134], [-0.24958836582748725, 0.03803313187154524, 0.9676048411017827]], "fy": 741.9139565895302, "fx": 764.3989674339377}, {"id": 10, "img_name": "frame_000007", "width": 1280, "height": 720, "position": [4.647345621515568, -1.464691663048951, 1.0275965425002638], "rotation": [[0.9963586717438362, 0.00976016782705741, 0.08470027369994748], [-0.008358886933570803, 0.9998225326046094, -0.016882899790510823], [-0.08485002209834785, 0.01611342359935729, 0.996263434704806]], "fy": 741.9139565895302, "fx": 764.3989674339377}, {"id": 11, "img_name": "frame_000009", "width": 1280, "height": 720, "position": [2.4085822885636263, -0.6655240850337768, 0.2951547756640682], "rotation": [[0.9221061869355399, 0.104215658078397, -0.37263826511307924], [-0.07986502024433859, 0.9935706562119215, 0.0802429414714015], [0.3786050165496626, -0.04423175020161447, 0.9245008348928256]], "fy": 741.9139565895302, "fx": 764.3989674339377}, {"id": 12, "img_name": "frame_000010", "width": 1280, "height": 720, "position": [1.3288281509211475, -0.49802877333354695, -0.2630536898819614], "rotation": [[0.8749477435153433, 0.17573050332492002, -0.4512042068937071], [-0.15986571216280676, 0.9844064899531804, 0.07339493587937755], [0.45706607858392595, 0.007915348332802215, 0.8893975191491613]], "fy": 741.9139565895302, "fx": 764.3989674339377}, {"id": 13, "img_name": "frame_000011", "width": 1280, "height": 720, "position": [0.3661804747006087, -0.2657956724286291, -0.6969437229208593], "rotation": [[0.8515402728936636, 0.23893128556683144, -0.46668083785127296], [-0.1909184937423139, 0.9703202731968541, 0.1484206729884641], [0.488292220281412, -0.037288177758691844, 0.8718831913806374]], "fy": 741.9139565895302, "fx": 764.3989674339377}, {"id": 14, "img_name": "frame_000012", "width": 1280, "height": 720, "position": [-0.7255403993935772, 0.35639135037004344, -0.6558036756311257], "rotation": [[0.881413999028431, 0.2955488374127985, -0.36845657413140576], [-0.27355252857869794, 0.9553251961615585, 0.11190524423404091], [0.38506931379286713, 0.0021573786925112477, 0.9228851333141452]], "fy": 741.9139565895302, "fx": 764.3989674339377}, {"id": 15, "img_name": "frame_000013", "width": 1280, "height": 720, "position": [-1.1736425783080906, 1.7180757627045515, -1.0918595654598204], "rotation": [[0.8866054097874628, 0.288696266136938, -0.36136589940695246], [-0.3132847426612898, 0.9496066336075376, -0.009995570229335421], [0.3402697714332774, 0.12207254944151189, 0.9323705139704895]], "fy": 741.9139565895302, "fx": 764.3989674339377}, {"id": 16, "img_name": "frame_000014", "width": 1280, "height": 720, "position": [-1.3602105870259864, 3.6299805168413446, -0.937549112817708], "rotation": [[0.8430330945375263, 0.34893342890175655, -0.40931731420664974], [-0.3371874114774693, 0.9357597242507557, 0.10323946925121993], [0.4190463590769001, 0.05098235640898246, 0.9065323757480376]], "fy": 741.9139565895302, "fx": 764.3989674339377}, {"id": 17, "img_name": "frame_000015", "width": 1280, "height": 720, "position": [-1.6844096795723793, 5.090067854082424, -0.8366518787009359], "rotation": [[0.8094215186413685, 0.3815082403621591, -0.44641714538766286], [-0.33339121586837445, 0.9243645307994466, 0.18547374849753245], [0.4834119385597625, -0.001294888291698213, 0.8753920384160484]], "fy": 741.9139565895302, "fx": 764.3989674339377}, {"id": 18, "img_name": "frame_000017", "width": 1280, "height": 720, "position": [-1.7166229015210281, 3.6429005872277034, -1.265444036614144], "rotation": [[0.8768803956627254, 0.3905483747826463, -0.28027261488953176], [-0.34425625445435043, 0.9171265679546436, 0.20091413494525032], [0.33551215025903863, -0.07969206551702847, 0.9386590284667727]], "fy": 741.9139565895302, "fx": 764.3989674339377}, {"id": 19, "img_name": "frame_000018", "width": 1280, "height": 720, "position": [-2.3380712279639786, 1.5299874854726663, -1.0823589711821375], "rotation": [[0.9240372743445562, 0.3066893140083353, -0.22824719120939918], [-0.25924845012211944, 0.9414664420212924, 0.21547895409307946], [0.28097216362330674, -0.13993785485302107, 0.9494588142978992]], "fy": 741.9139565895302, "fx": 764.3989674339377}, {"id": 20, "img_name": "frame_000019", "width": 1280, "height": 720, "position": [-4.1657766457277114, 0.9259869293641902, -1.6490046156599973], "rotation": [[0.9241390498862576, 0.2734148513256213, -0.2668545213218495], [-0.269445318372403, 0.9616035755974134, 0.05213236811678809], [0.27086202554533084, 0.023725144316911754, 0.9623257663829969]], "fy": 741.9139565895302, "fx": 764.3989674339377}, {"id": 21, "img_name": "frame_000020", "width": 1280, "height": 720, "position": [-5.270610656269765, 0.23311754813570368, -1.4450288245792988], "rotation": [[0.9434389429439085, 0.2745956852579956, -0.18579604563760893], [-0.259836403617799, 0.9604516094882158, 0.10008870658802742], [0.2059320380413133, -0.04615100723914685, 0.9774774065107404]], "fy": 741.9139565895302, "fx": 764.3989674339377}, {"id": 22, "img_name": "frame_000021", "width": 1280, "height": 720, "position": [-5.681306584603646, 0.07928051091857259, -1.2863414914160003], "rotation": [[0.9591035754554641, 0.23926980006677936, -0.15122927733923905], [-0.23194698516212664, 0.9705809298089383, 0.0646007334742948], [0.16223725719681423, -0.02688161950515803, 0.9863855488144758]], "fy": 741.9139565895302, "fx": 764.3989674339377}, {"id": 23, "img_name": "frame_000022", "width": 1280, "height": 720, "position": [-3.432012487433115, -0.9582573807908112, -1.3668901596137144], "rotation": [[0.9490899292365743, 0.20468126923878419, -0.23944495034248423], [-0.17155358492331504, 0.9733686020800806, 0.15206226351277535], [0.26419249368911546, -0.10324312329385495, 0.9589281431738546]], "fy": 741.9139565895302, "fx": 764.3989674339377}, {"id": 24, "img_name": "frame_000023", "width": 1280, "height": 720, "position": [-0.9204893475286807, -2.3328640502088462, -0.47637149903942266], "rotation": [[0.973552278319209, 0.1881161797988903, -0.12964669019048924], [-0.14775940965711917, 0.9512566047626786, 0.27069914804661005], [0.17425015993466625, -0.2443832539133, 0.9538939705069377]], "fy": 741.9139565895302, "fx": 764.3989674339377}, {"id": 25, "img_name": "frame_000032", "width": 1280, "height": 720, "position": [0.6570124889188331, -1.6831854295317663, 0.9244766265944863], "rotation": [[0.9938930677139496, 0.04228368730897613, -0.10192477489654352], [-0.021007916845446666, 0.9792829244393697, 0.20140412441479538], [0.10832930065300493, -0.1980329358693455, 0.974190802117839]], "fy": 741.9139565895302, "fx": 764.3989674339377}]